X-coordinate;Y-coordinate;Z-coordinate;Color
-14.393939393939394;-0.7575757575757578;-3.787878787878787;0.0038668410217132985
-12.878787878787879;4.3939393939393945;-4.09090909090909;0.006270748511756634
-11.666666666666666;-4.09090909090909;0.15151515151515227;0.02480737246226172
-11.666666666666666;2.878787878787879;-4.3939393939393945;0.016314841229029677
-11.06060606060606;-3.787878787878787;4.09090909090909;0.021774113510491477
-11.06060606060606;-0.7575757575757578;-0.1515151515151505;0.05749606705103794
-11.06060606060606;5.6060606060606055;0.45454545454545503;0.024042698717456026
-10.757575757575758;0.45454545454545503;-2.575757575757576;0.05497315323682629
-10.454545454545453;-6.212121212121211;-5.6060606060606055;0.010083305635116861
-10.454545454545453;-2.2727272727272716;-0.45454545454545325;0.07297287339736418
-10.454545454545453;2.2727272727272734;-2.2727272727272716;0.06054215704571284
-10.454545454545453;2.878787878787879;-0.7575757575757578;0.06571098216721896
-10.151515151515152;-11.666666666666666;-3.787878787878787;0.0018342881440525662
-10.151515151515152;-4.09090909090909;-2.878787878787879;0.04640673874445712
-10.151515151515152;-4.09090909090909;-1.3636363636363633;0.05876818972655766
-10.151515151515152;-2.878787878787879;8.333333333333336;0.0072458819168363595
-9.848484848484848;-8.030303030303031;-0.45454545454545325;0.019504478220682225
-9.848484848484848;1.0606060606060623;2.575757575757578;0.0917513366104033
-9.545454545454545;-1.0606060606060606;-1.9696969696969688;0.12176223643033512
-9.545454545454545;-0.7575757575757578;2.2727272727272734;0.11748366329948368
-9.545454545454545;2.2727272727272734;1.6666666666666679;0.11287966299013288
-9.545454545454545;2.575757575757578;0.45454545454545503;0.1197963242513107
-9.545454545454545;4.09090909090909;-2.575757575757576;0.06923915364178508
-9.545454545454545;5.3030303030303045;-1.3636363636363633;0.059707434861540384
-9.242424242424242;-2.575757575757576;-2.2727272727272716;0.11621464563304125
-9.242424242424242;-1.9696969696969688;-0.1515151515151505;0.1559099479701736
-9.242424242424242;3.1818181818181834;5.0;0.04883514894010395
-9.242424242424242;4.696969696969699;0.45454545454545503;0.08960069496516236
-8.93939393939394;-5.909090909090908;5.3030303030303045;0.02620278614107334
-8.93939393939394;-2.575757575757576;-1.666666666666666;0.15110038659320163
-8.93939393939394;-1.0606060606060606;1.3636363636363633;0.18565544394027897
-8.93939393939394;0.15151515151515227;1.9696969696969688;0.17607827691203365
-8.93939393939394;0.45454545454545503;1.6666666666666679;0.18355169953302375
-8.93939393939394;5.3030303030303045;0.45454545454545503;0.08815235860279245
-8.636363636363637;-9.242424242424242;-4.3939393939393945;0.010909754777516982
-8.636363636363637;-3.4848484848484844;-3.4848484848484844;0.10243587363740068
-8.636363636363637;-3.4848484848484844;-0.1515151515151505;0.1686581629091619
-8.636363636363637;-2.2727272727272716;-3.787878787878787;0.11431145711891806
-8.636363636363637;-1.9696969696969688;3.4848484848484844;0.12985856558215306
-8.636363636363637;-1.3636363636363633;5.90909090909091;0.05529361219820002
-8.636363636363637;-1.0606060606060606;5.90909090909091;0.05633111090572534
-8.636363636363637;1.9696969696969688;-8.333333333333332;0.015083229255427223
-8.636363636363637;1.9696969696969688;0.45454545454545503;0.21580012192245362
-8.636363636363637;2.2727272727272734;-0.45454545454545325;0.20739730721783178
-8.636363636363637;2.878787878787879;8.636363636363637;0.011522726059370738
-8.333333333333332;-3.1818181818181817;3.787878787878789;0.11490877793268223
-8.333333333333332;2.2727272727272734;-0.1515151515151505;0.24518021871629647
-8.333333333333332;6.212121212121211;4.09090909090909;0.04722986993287572
-8.030303030303031;-6.515151515151516;-2.2727272727272716;0.07519591301987627
-8.030303030303031;-1.0606060606060606;-0.1515151515151505;0.3245806581797975
-8.030303030303031;-0.1515151515151505;-1.0606060606060606;0.3191293385182754
-8.030303030303031;0.7575757575757578;4.696969696969699;0.12457356014503626
-8.030303030303031;4.3939393939393945;1.3636363636363633;0.17070988804646778
-7.727272727272727;-6.212121212121211;-2.2727272727272716;0.09669886254802859
-7.727272727272727;-5.303030303030303;4.696969696969699;0.06722654188786709
-7.727272727272727;-3.787878787878787;2.2727272727272734;0.19884279096943758
-7.727272727272727;-2.878787878787879;1.3636363636363633;0.2769995593612844
-7.727272727272727;-2.575757575757576;-4.3939393939393945;0.13516481546692946
-7.727272727272727;-1.666666666666666;1.3636363636363633;0.32823582776170745
-7.727272727272727;1.0606060606060623;-1.0606060606060606;0.35757249510754785
-7.727272727272727;3.1818181818181834;-3.1818181818181817;0.18160696849644334
-7.424242424242424;-1.3636363636363633;-2.878787878787879;0.2867370930682097
-7.424242424242424;-1.0606060606060606;0.15151515151515227;0.43477717214584305
-7.424242424242424;-0.7575757575757578;2.2727272727272734;0.34494559351847104
-7.424242424242424;1.3636363636363633;-2.575757575757576;0.30978202453240766
-7.424242424242424;1.6666666666666679;4.09090909090909;0.19025984972384608
-7.424242424242424;1.6666666666666679;5.3030303030303045;0.11613425438194423
-7.424242424242424;4.09090909090909;-1.9696969696969688;0.2248617448688344
-7.424242424242424;4.696969696969699;7.121212121212121;0.030100702646514897
-7.424242424242424;5.0;-0.7575757575757578;0.20182354503669964
-7.121212121212121;-6.818181818181818;-1.9696969696969688;0.1051120309171015
-7.121212121212121;-4.3939393939393945;-5.0;0.09666550840855555
-7.121212121212121;-4.09090909090909;2.878787878787879;0.21106830876186453
-7.121212121212121;-3.787878787878787;-0.1515151515151505;0.3302159495700693
-7.121212121212121;-3.4848484848484844;3.1818181818181834;0.22237613637063885
-7.121212121212121;-2.575757575757576;-1.0606060606060606;0.39828418178385183
-7.121212121212121;-2.575757575757576;2.575757575757578;0.30645127246508375
-7.121212121212121;-2.2727272727272716;1.3636363636363633;0.4021218755520579
-7.121212121212121;-0.45454545454545325;4.3939393939393945;0.20398710915294724
-7.121212121212121;-0.45454545454545325;11.666666666666668;0.0027231361847645575
-7.121212121212121;-0.1515151515151505;-7.424242424242424;0.04543567105225351
-7.121212121212121;3.1818181818181834;1.9696969696969688;0.3141136664774689
-7.121212121212121;4.09090909090909;1.9696969696969688;0.2570468134843688
-7.121212121212121;5.90909090909091;-0.7575757575757578;0.17043262177615573
-7.121212121212121;5.90909090909091;3.1818181818181834;0.11473394617422536
-6.818181818181818;-3.4848484848484844;-1.0606060606060606;0.3827873522551572
-6.818181818181818;-0.1515151515151505;1.0606060606060623;0.5542291425709314
-6.818181818181818;0.15151515151515227;-4.09090909090909;0.2572727039741394
-6.818181818181818;0.45454545454545503;0.7575757575757578;0.567045412944401
-6.818181818181818;1.6666666666666679;-2.575757575757576;0.38773633580541655
-6.818181818181818;1.6666666666666679;2.575757575757578;0.387736335805416
-6.818181818181818;10.151515151515152;2.575757575757578;0.021708403007292005
-6.818181818181818;11.666666666666668;6.212121212121211;0.0034904995130980465
-6.515151515151516;-3.1818181818181817;-3.4848484848484844;0.2714416212201523
-6.515151515151516;-2.575757575757576;-0.1515151515151505;0.5424701918538568
-6.515151515151516;-2.575757575757576;1.3636363636363633;0.4942355275907988
-6.515151515151516;-1.9696969696969688;0.7575757575757578;0.5733553655859416
-6.515151515151516;-1.666666666666666;-0.45454545454545325;0.6040920588882375
-6.515151515151516;-1.3636363636363633;-1.3636363636363633;0.5696245582899521
-6.515151515151516;-0.7575757575757578;6.81818181818182;0.07453639736436993
-6.515151515151516;-0.1515151515151505;-0.1515151515151505;0.6622444706102172
-6.515151515151516;1.6666666666666679;1.3636363636363633;0.5544324854069943
-6.515151515151516;1.9696969696969688;4.09090909090909;0.25848227747768926
-6.515151515151516;2.878787878787879;-5.6060606060606055;0.11995516717267168
-6.515151515151516;6.212121212121211;3.1818181818181834;0.13108603392654833
-6.515151515151516;10.454545454545457;-3.4848484848484844;0.017041372460918816
-6.212121212121211;-6.515151515151516;1.3636363636363633;0.18565544394027897
-6.212121212121211;-5.0;0.15151515151515227;0.3457277227859668
-6.212121212121211;-4.696969696969697;-1.3636363636363633;0.347320373537274
-6.212121212121211;-4.696969696969697;4.3939393939393945;0.15772702523589846
-6.212121212121211;-3.1818181818181817;-2.2727272727272716;0.42352584050431086
-6.212121212121211;-3.1818181818181817;0.45454545454545503;0.5434788377269699
-6.212121212121211;-2.575757575757576;0.45454545454545503;0.6040920588882377
-6.212121212121211;-1.9696969696969688;-1.666666666666666;0.5727592639339464
-6.212121212121211;-1.9696969696969688;-0.7575757575757578;0.6431597010296447
-6.212121212121211;-1.666666666666666;-1.0606060606060606;0.6450619113727631
-6.212121212121211;-0.7575757575757578;-3.4848484848484844;0.3871421670575513
-6.212121212121211;1.0606060606060623;1.3636363636363633;0.6503706695037355
-6.212121212121211;1.0606060606060623;8.939393939393941;0.021006404269771954
-6.212121212121211;1.3636363636363633;0.45454545454545503;0.6958548142441221
-6.212121212121211;4.09090909090909;3.787878787878789;0.22727014495924264
-6.212121212121211;4.09090909090909;5.90909090909091;0.09296920147142532
-6.212121212121211;9.545454545454547;-0.7575757575757578;0.04639045416222676
-5.909090909090908;-6.212121212121211;-3.787878787878787;0.13647070275242934
-5.909090909090908;-5.909090909090908;1.6666666666666679;0.2511718180607651
-5.909090909090908;-5.0;-7.727272727272727;0.031691742857864136
-5.909090909090908;-5.0;-2.575757575757576;0.28405833886371123
-5.909090909090908;-5.0;1.3636363636363633;0.3552545958526818
-5.909090909090908;-4.09090909090909;-3.4848484848484844;0.2784148783574857
-5.909090909090908;-4.09090909090909;-2.575757575757576;0.36193983105773697
-5.909090909090908;-2.878787878787879;1.0606060606060623;0.6113795957924377
-5.909090909090908;-1.9696969696969688;-0.7575757575757578;0.7154479239471665
-5.909090909090908;-1.666666666666666;1.3636363636363633;0.6882357877273809
-5.909090909090908;-1.666666666666666;3.1818181818181834;0.44496065841291044
-5.909090909090908;0.15151515151515227;-1.0606060606060606;0.7725557962763815
-5.909090909090908;0.15151515151515227;0.45454545454545503;0.8131044272870894
-5.909090909090908;0.45454545454545503;0.15151515151515227;0.8173783007550903
-5.909090909090908;1.0606060606060623;-0.1515151515151505;0.7969202366320096
-5.909090909090908;2.878787878787879;0.7575757575757578;0.6293682290178493
-5.909090909090908;3.787878787878789;2.575757575757578;0.38773633580541617
-5.909090909090908;6.515151515151516;2.2727272727272734;0.180054619505868
-5.909090909090908;8.030303030303031;-1.0606060606060606;0.10988337727992926
-5.6060606060606055;-6.515151515151516;6.515151515151516;0.04423976137288932
-5.6060606060606055;-5.6060606060606055;-0.1515151515151505;0.35375454014087193
-5.6060606060606055;-4.3939393939393945;-0.7575757575757578;0.5015147650628301
-5.6060606060606055;-4.3939393939393945;1.3636363636363633;0.47021856759907793
-5.6060606060606055;-4.09090909090909;-1.3636363636363633;0.5080383432600333
-5.6060606060606055;-4.09090909090909;0.45454545454545503;0.5526848131548303
-5.6060606060606055;-1.9696969696969688;-5.0;0.2245109451815993
-5.6060606060606055;-1.9696969696969688;-0.1515151515151505;0.8132673490801856
-5.6060606060606055;-1.3636363636363633;0.7575757575757578;0.832613054860697
-5.6060606060606055;-0.7575757575757578;0.15151515151515227;0.8884014577006151
-5.6060606060606055;-0.1515151515151505;-4.696969696969697;0.27846394407911934
-5.6060606060606055;-0.1515151515151505;-2.575757575757576;0.622090824703961
-5.6060606060606055;-0.1515151515151505;-1.9696969696969688;0.7244319039270833
-5.6060606060606055;-0.1515151515151505;2.575757575757578;0.6220908247039609
-5.6060606060606055;0.7575757575757578;-4.3939393939393945;0.31634008257809276
-5.6060606060606055;1.3636363636363633;1.3636363636363633;0.7746395660750854
-5.6060606060606055;1.6666666666666679;1.3636363636363633;0.7563128360392959
-5.6060606060606055;1.9696969696969688;-4.3939393939393945;0.29601491306815375
-5.6060606060606055;1.9696969696969688;-1.0606060606060606;0.764935072156587
-5.6060606060606055;3.4848484848484844;6.81818181818182;0.07377916412100702
-5.6060606060606055;3.787878787878789;-5.303030303030303;0.15543256031129338
-5.6060606060606055;5.0;0.7575757575757578;0.42084169100546864
-5.6060606060606055;5.90909090909091;-1.9696969696969688;0.2657902369035244
-5.6060606060606055;6.212121212121211;0.45454545454545503;0.2805052673203288
-5.6060606060606055;6.81818181818182;-1.9696969696969688;0.18715517195339798
-5.6060606060606055;7.121212121212121;-2.575757575757576;0.14674247462379134
-5.6060606060606055;7.121212121212121;-0.7575757575757578;0.1896673812459107
-5.6060606060606055;9.848484848484848;6.515151515151516;0.011481373269467942
-5.303030303030303;-5.909090909090908;1.3636363636363633;0.32271440302865473
-5.303030303030303;-4.09090909090909;-3.4848484848484844;0.33455031091321635
-5.303030303030303;-3.4848484848484844;-2.575757575757576;0.4983475278680584
-5.303030303030303;-3.1818181818181817;-1.0606060606060606;0.7052877167431831
-5.303030303030303;-2.878787878787879;-1.0606060606060606;0.7422750527081144
-5.303030303030303;-1.666666666666666;1.9696969696969688;0.7340121389854792
-5.303030303030303;-0.7575757575757578;-5.6060606060606055;0.18407969682844078
-5.303030303030303;0.45454545454545503;1.9696969696969688;0.7782301291541228
-5.303030303030303;0.7575757575757578;-1.3636363636363633;0.8667610938403068
-5.303030303030303;1.3636363636363633;-3.4848484848484844;0.4767400616892377
-5.303030303030303;1.3636363636363633;2.575757575757578;0.6429783737249046
-5.303030303030303;2.878787878787879;-3.4848484848484844;0.41389707901018596
-5.303030303030303;4.3939393939393945;1.6666666666666679;0.49565493786296927
-5.303030303030303;5.0;1.3636363636363633;0.4373780625976642
-5.303030303030303;5.3030303030303045;1.9696969696969688;0.3607962057837439
-5.303030303030303;6.212121212121211;-0.45454545454545325;0.3109491887282353
-5.303030303030303;6.212121212121211;5.0;0.10548300819204091
-5.0;-5.303030303030303;0.7575757575757578;0.46607167446855247
-5.0;-4.09090909090909;-0.7575757575757578;0.6571792750023268
-5.0;-4.09090909090909;2.2727272727272734;0.5165312461026969
-5.0;-4.09090909090909;3.1818181818181834;0.4012971534896887
-5.0;-3.1818181818181817;-2.2727272727272716;0.616311200314668
-5.0;-2.575757575757576;-1.9696969696969688;0.7212357569633536
-5.0;-2.575757575757576;-0.1515151515151505;0.8968518407285327
-5.0;-2.575757575757576;0.45454545454545503;0.8874731818169126
-5.0;-2.2727272727272716;-0.1515151515151505;0.9306904424937849
-5.0;-2.2727272727272716;6.515151515151516;0.10849433561204637
-5.0;-1.9696969696969688;-1.666666666666666;0.8187515352949889
-5.0;-0.7575757575757578;0.15151515151515227;1.0336723298927155
-5.0;-0.1515151515151505;2.2727272727272734;0.77203392870489
-5.0;0.15151515151515227;4.696969696969699;0.30676721273787994
-5.0;1.0606060606060623;1.6666666666666679;0.868586928511974
-5.0;2.2727272727272734;-2.2727272727272716;0.6948200888760491
-5.0;3.1818181818181834;1.6666666666666679;0.7017708233876837
-5.0;3.1818181818181834;5.90909090909091;0.14189183423165042
-5.0;3.787878787878789;3.4848484848484844;0.38538203808190596
-5.0;4.696969696969699;-0.7575757575757578;0.5607945420880593
-5.0;6.515151515151516;-5.0;0.10346168771157
-5.0;6.81818181818182;-1.3636363636363633;0.2487876834484472
-5.0;8.333333333333336;-2.575757575757576;0.1021329464319686
-4.696969696969697;-6.212121212121211;1.9696969696969688;0.31586423241052636
-4.696969696969697;-4.696969696969697;-7.121212121212121;0.061373098412021064
-4.696969696969697;-2.878787878787879;-1.0606060606060606;0.8695095381394534
-4.696969696969697;-2.575757575757576;-0.1515151515151505;0.9643672491857481
-4.696969696969697;-1.666666666666666;2.878787878787879;0.647650335735432
-4.696969696969697;-1.0606060606060606;1.6666666666666679;0.9168493957660367
-4.696969696969697;-0.45454545454545325;-2.575757575757576;0.7403596842325271
-4.696969696969697;0.15151515151515227;-8.636363636363637;0.028508500479107673
-4.696969696969697;0.15151515151515227;-0.45454545454545325;1.0899458106346827
-4.696969696969697;0.7575757575757578;1.3636363636363633;0.9774157129867107
-4.696969696969697;1.9696969696969688;1.9696969696969688;0.817584867468393
-4.696969696969697;2.878787878787879;-1.666666666666666;0.7913066024419971
-4.696969696969697;3.4848484848484844;2.575757575757578;0.5826516176165235
-4.696969696969697;4.696969696969699;1.9696969696969688;0.5159469594999456
-4.696969696969697;5.3030303030303045;-4.09090909090909;0.23390740762557552
-4.696969696969697;5.6060606060606055;-0.45454545454545325;0.4692942962453449
-4.696969696969697;5.90909090909091;3.1818181818181834;0.26333835551363693
-4.696969696969697;8.333333333333336;-2.2727272727272716;0.11812357890823597
-4.696969696969697;9.848484848484848;2.878787878787879;0.04737258860618135
-4.696969696969697;11.666666666666668;-5.909090909090908;0.007009919957610214
-4.3939393939393945;-6.818181818181818;3.4848484848484844;0.18685657010719403
-4.3939393939393945;-6.212121212121211;4.09090909090909;0.19025984972384608
-4.3939393939393945;-6.212121212121211;6.81818181818182;0.054928444568460126
-4.3939393939393945;-5.303030303030303;-2.2727272727272716;0.43957989170121947
-4.3939393939393945;-3.1818181818181817;5.90909090909091;0.15459159852700538
-4.3939393939393945;-2.575757575757576;-3.1818181818181817;0.5735795333720834
-4.3939393939393945;-2.575757575757576;-1.9696969696969688;0.8175848674683924
-4.3939393939393945;-2.575757575757576;-1.3636363636363633;0.9200437101952157
-4.3939393939393945;-1.9696969696969688;5.3030303030303045;0.2291990555264517
-4.3939393939393945;-1.666666666666666;1.0606060606060623;1.0306926797370008
-4.3939393939393945;-0.45454545454545325;1.0606060606060623;1.0657963145602496
-4.3939393939393945;-0.1515151515151505;-3.4848484848484844;0.5538025953959302
-4.3939393939393945;0.15151515151515227;-1.0606060606060606;1.067784256528694
-4.3939393939393945;0.45454545454545503;-0.45454545454545325;1.1279753733758973
-4.3939393939393945;1.3636363636363633;3.4848484848484844;0.5461676428488899
-4.3939393939393945;1.9696969696969688;0.7575757575757578;1.0465895220197763
-4.3939393939393945;2.2727272727272734;-3.787878787878787;0.4650102282111516
-4.3939393939393945;2.575757575757578;2.878787878787879;0.6355789503545859
-4.3939393939393945;3.787878787878789;-10.454545454545453;0.0076795850625376895
-4.3939393939393945;5.3030303030303045;-1.9696969696969688;0.46883687991846457
-4.3939393939393945;5.90909090909091;-1.0606060606060606;0.4384564560388377
-4.3939393939393945;6.515151515151516;-3.4848484848484844;0.20968585117220623
-4.09090909090909;-7.727272727272727;6.515151515151516;0.04156061114737534
-4.09090909090909;-6.818181818181818;-7.121212121212121;0.04144790791915295
-4.09090909090909;-5.6060606060606055;3.1818181818181834;0.33748878469294746
-4.09090909090909;-5.303030303030303;-2.575757575757576;0.4393445171598855
-4.09090909090909;-4.3939393939393945;1.0606060606060623;0.7497927705259314
-4.09090909090909;-4.3939393939393945;4.696969696969699;0.25480659730919863
-4.09090909090909;-3.787878787878787;-5.909090909090908;0.1511719915477544
-4.09090909090909;-2.575757575757576;1.0606060606060623;1.0091371154365834
-4.09090909090909;-2.2727272727272716;-1.3636363636363633;0.988560796046403
-4.09090909090909;-2.2727272727272716;-0.1515151515151505;1.105416812900983
-4.09090909090909;-2.2727272727272716;0.45454545454545503;1.0930738586530264
-4.09090909090909;-2.2727272727272716;5.90909090909091;0.16480491665116526
-4.09090909090909;-1.9696969696969688;-2.575757575757576;0.7552961441437205
-4.09090909090909;-1.666666666666666;2.878787878787879;0.692068277580472
-4.09090909090909;-1.3636363636363633;0.15151515151515227;1.1509364366070411
-4.09090909090909;-0.7575757575757578;2.878787878787879;0.6996310024588042
-4.09090909090909;-0.45454545454545325;-2.575757575757576;0.7732835714373024
-4.09090909090909;1.0606060606060623;-8.636363636363637;0.027397274690129828
-4.09090909090909;1.0606060606060623;-4.3939393939393945;0.3715533601714488
-4.09090909090909;1.0606060606060623;0.45454545454545503;1.144025104487401
-4.09090909090909;1.9696969696969688;1.3636363636363633;1.0060977740333754
-4.09090909090909;4.3939393939393945;0.45454545454545503;0.7888393327841777
-4.09090909090909;4.696969696969699;0.7575757575757578;0.7154479239471664
-4.09090909090909;4.696969696969699;1.9696969696969688;0.5990941207223544
-4.09090909090909;5.0;0.7575757575757578;0.6571792750023264
-4.09090909090909;5.3030303030303045;-2.2727272727272716;0.47316821865114633
-4.09090909090909;5.6060606060606055;-3.1818181818181817;0.3374887846929477
-4.09090909090909;6.212121212121211;-7.121212121212121;0.049192632659635194
-4.09090909090909;6.81818181818182;8.939393939393941;0.014334775098905192
-3.787878787878787;-4.3939393939393945;1.9696969696969688;0.6861130058449533
-3.787878787878787;-4.09090909090909;5.0;0.2424489736533671
-3.787878787878787;-3.787878787878787;1.0606060606060623;0.9044080392349477
-3.787878787878787;-3.787878787878787;2.575757575757578;0.6609780145320102
-3.787878787878787;-3.1818181818181817;-2.575757575757576;0.7160787465799632
-3.787878787878787;-3.1818181818181817;3.4848484848484844;0.5248200202073117
-3.787878787878787;-2.2727272727272716;-0.1515151515151505;1.1408737536639062
-3.787878787878787;-1.9696969696969688;-1.3636363636363633;1.0300014027501738
-3.787878787878787;-1.666666666666666;-6.212121212121211;0.1360049717592387
-3.787878787878787;-1.0606060606060606;0.15151515151515227;1.1636890026580393
-3.787878787878787;-1.0606060606060606;2.575757575757578;0.772255535358636
-3.787878787878787;-0.7575757575757578;2.2727272727272734;0.8432001407904443
-3.787878787878787;-0.45454545454545325;-1.666666666666666;0.9759698615569237
-3.787878787878787;0.7575757575757578;-2.575757575757576;0.7702996365423883
-3.787878787878787;0.7575757575757578;1.9696969696969688;0.9131095720995828
-3.787878787878787;1.0606060606060623;-1.666666666666666;0.9798274315358211
-3.787878787878787;1.3636363636363633;-6.212121212121211;0.134656733460754
-3.787878787878787;1.6666666666666679;-0.1515151515151505;1.16162054656184
-3.787878787878787;1.9696969696969688;-1.666666666666666;0.97332441010384
-3.787878787878787;1.9696969696969688;0.7575757575757578;1.1153984619185673
-3.787878787878787;2.2727272727272734;-1.3636363636363633;1.018725595310326
-3.787878787878787;2.575757575757578;4.3939393939393945;0.36817544907686667
-3.787878787878787;2.878787878787879;-4.3939393939393945;0.3634703733134886
-3.787878787878787;3.4848484848484844;2.575757575757578;0.6907472157474013
-3.787878787878787;4.3939393939393945;-1.0606060606060606;0.7994515570228176
-3.787878787878787;4.3939393939393945;3.1818181818181834;0.49025176606810145
-3.787878787878787;4.696969696969699;-9.242424242424242;0.017741166075512908
-3.787878787878787;5.0;-1.0606060606060606;0.683626451223921
-3.787878787878787;5.90909090909091;6.212121212121211;0.09146350034563189
-3.787878787878787;7.424242424242426;-5.0;0.0980858897142003
-3.787878787878787;7.727272727272727;1.0606060606060623;0.23748566422096892
-3.4848484848484844;-9.545454545454545;1.9696969696969688;0.08794588005134309
-3.4848484848484844;-7.727272727272727;2.878787878787879;0.18537735636094768
-3.4848484848484844;-6.818181818181818;3.787878787878789;0.20743194020840447
-3.4848484848484844;-5.303030303030303;-2.878787878787879;0.45773989696334544
-3.4848484848484844;-4.696969696969697;0.7575757575757578;0.8125394406302852
-3.4848484848484844;-4.09090909090909;-2.575757575757576;0.6584285792887512
-3.4848484848484844;-4.09090909090909;2.2727272727272734;0.7149256525520877
-3.4848484848484844;-3.787878787878787;0.45454545454545503;1.0027941770475512
-3.4848484848484844;-2.878787878787879;-1.0606060606060606;1.0547179638811166
-3.4848484848484844;-2.878787878787879;0.15151515151515227;1.128655568064771
-3.4848484848484844;-2.575757575757576;2.878787878787879;0.6955204658333145
-3.4848484848484844;-1.666666666666666;4.3939393939393945;0.3655985112659123
-3.4848484848484844;-1.3636363636363633;-2.575757575757576;0.7648655904491206
-3.4848484848484844;-1.0606060606060606;2.575757575757578;0.758358762659476
-3.4848484848484844;-0.7575757575757578;0.15151515151515227;1.135194430614053
-3.4848484848484844;-0.45454545454545325;-5.0;0.25434964930613346
-3.4848484848484844;1.6666666666666679;-0.7575757575757578;1.1222520055307499
-3.4848484848484844;2.2727272727272734;-2.2727272727272716;0.8447636098231232
-3.4848484848484844;2.878787878787879;0.15151515151515227;1.128655568064771
-3.4848484848484844;3.1818181818181834;-0.1515151515151505;1.0990098090599185
-3.4848484848484844;3.1818181818181834;4.696969696969699;0.3151106312001405
-3.4848484848484844;5.6060606060606055;3.787878787878789;0.3107909100744817
-3.1818181818181817;-8.636363636363637;-2.2727272727272716;0.144537930364541
-3.1818181818181817;-8.333333333333332;1.9696969696969688;0.17804092883635145
-3.1818181818181817;-6.818181818181818;-3.1818181818181817;0.26611648905931784
-3.1818181818181817;-6.212121212121211;-8.333333333333332;0.027223487731128163
-3.1818181818181817;-6.212121212121211;1.0606060606060623;0.5186600182409139
-3.1818181818181817;-5.909090909090908;-2.575757575757576;0.4370923873235228
-3.1818181818181817;-2.2727272727272716;3.4848484848484844;0.5541221342689632
-3.1818181818181817;-1.9696969696969688;-1.9696969696969688;0.9073082566407924
-3.1818181818181817;-1.9696969696969688;7.121212121212121;0.0723054100193418
-3.1818181818181817;-0.7575757575757578;1.0606060606060623;1.0101087514449443
-3.1818181818181817;-0.45454545454545325;2.2727272727272734;0.7769436961366732
-3.1818181818181817;-0.1515151515151505;0.7575757575757578;1.0237787726068208
-3.1818181818181817;1.0606060606060623;2.878787878787879;0.6576801638768398
-3.1818181818181817;1.0606060606060623;4.696969696969699;0.2902626301474572
-3.1818181818181817;2.2727272727272734;-2.878787878787879;0.6978412717848831
-3.1818181818181817;2.575757575757578;0.15151515151515227;1.163080995152954
-3.1818181818181817;3.1818181818181834;0.45454545454545503;1.1185103494754243
-3.1818181818181817;3.4848484848484844;1.9696969696969688;0.8709570670806424
-3.1818181818181817;3.4848484848484844;3.4848484848484844;0.5399821491171378
-3.1818181818181817;4.09090909090909;3.1818181818181834;0.5644503472068365
-3.1818181818181817;5.3030303030303045;9.545454545454547;0.014141123035169343
-3.1818181818181817;8.030303030303031;-1.0606060606060606;0.23348264243569064
-2.878787878787879;-11.363636363636363;-2.575757575757576;0.03017871761036449
-2.878787878787879;-7.424242424242424;-5.6060606060606055;0.08819588856087524
-2.878787878787879;-7.121212121212121;-1.3636363636363633;0.36542051745361503
-2.878787878787879;-4.09090909090909;-1.666666666666666;0.8874757912502522
-2.878787878787879;-2.878787878787879;-7.424242424242424;0.0621292923540963
-2.878787878787879;-2.878787878787879;3.787878787878789;0.4901511986111588
-2.878787878787879;-2.2727272727272716;0.45454545454545503;1.1344646231510835
-2.878787878787879;-1.9696969696969688;0.45454545454545503;1.1108124273522024
-2.878787878787879;-1.9696969696969688;1.9696969696969688;0.8840952014261633
-2.878787878787879;-1.666666666666666;-2.2727272727272716;0.7948502091542594
-2.878787878787879;-0.45454545454545325;-11.969696969696969;0.0014311488027437663
-2.878787878787879;-0.45454545454545325;3.787878787878789;0.40536828868032726
-2.878787878787879;0.15151515151515227;-4.09090909090909;0.34716204334096806
-2.878787878787879;0.45454545454545503;-4.3939393939393945;0.30125325024091126
-2.878787878787879;0.45454545454545503;-3.4848484848484844;0.4639348663379915
-2.878787878787879;1.6666666666666679;-5.303030303030303;0.206096662728004
-2.878787878787879;1.9696969696969688;-2.575757575757576;0.7445354972504292
-2.878787878787879;3.787878787878789;2.575757575757578;0.7366195019858593
-2.878787878787879;5.0;-1.3636363636363633;0.7746395660750854
-2.878787878787879;5.3030303030303045;-10.151515151515152;0.009387293928347425
-2.878787878787879;5.90909090909091;2.878787878787879;0.42315577343649163
-2.878787878787879;5.90909090909091;5.6060606060606055;0.14197820665356004
-2.878787878787879;6.515151515151516;-0.1515151515151505;0.5156352192019028
-2.878787878787879;8.030303030303031;-3.1818181818181817;0.1667217442749812
-2.575757575757576;-7.424242424242424;-1.3636363636363633;0.3357428066044225
-2.575757575757576;-7.424242424242424;-0.45454545454545325;0.3629698157884165
-2.575757575757576;-6.212121212121211;0.7575757575757578;0.5926396590768398
-2.575757575757576;-4.696969696969697;-3.787878787878787;0.4345673655605703
-2.575757575757576;-4.696969696969697;1.0606060606060623;0.9044080392349471
-2.575757575757576;-4.09090909090909;-0.1515151515151505;1.0786070370523462
-2.575757575757576;-3.4848484848484844;-5.909090909090908;0.1647565383384946
-2.575757575757576;-3.1818181818181817;-3.787878787878787;0.4903728752376859
-2.575757575757576;-3.1818181818181817;-2.2727272727272716;0.8458640182575656
-2.575757575757576;-3.1818181818181817;1.0606060606060623;1.0857951267996366
-2.575757575757576;-2.878787878787879;-1.3636363636363633;1.0356200641772877
-2.575757575757576;-2.575757575757576;1.6666666666666679;0.9641642008006072
-2.575757575757576;-2.2727272727272716;-5.303030303030303;0.2111975272636767
-2.575757575757576;-2.2727272727272716;-1.0606060606060606;1.0413732110206444
-2.575757575757576;-2.2727272727272716;0.7575757575757578;1.077278467281193
-2.575757575757576;-1.666666666666666;-2.575757575757576;0.6839227029900502
-2.575757575757576;-1.0606060606060606;-0.1515151515151505;0.9226435080228184
-2.575757575757576;-0.45454545454545325;-0.7575757575757578;0.8284626946331697
-2.575757575757576;0.45454545454545503;-0.7575757575757578;0.8284626946331699
-2.575757575757576;0.7575757575757578;3.787878787878789;0.3721139782681689
-2.575757575757576;1.3636363636363633;2.575757575757578;0.6536476964586124
-2.575757575757576;3.1818181818181834;1.0606060606060623;1.085795126799636
-2.575757575757576;3.787878787878789;1.9696969696969688;0.8862514086125897
-2.575757575757576;4.09090909090909;-1.3636363636363633;0.9655843774198578
-2.575757575757576;4.3939393939393945;-4.3939393939393945;0.34984755040289667
-2.575757575757576;4.3939393939393945;-2.878787878787879;0.6355789503545861
-2.575757575757576;7.727272727272727;-1.9696969696969688;0.2657902369035246
-2.575757575757576;8.030303030303031;-3.787878787878787;0.14602473865926485
-2.575757575757576;8.333333333333336;-1.0606060606060606;0.2231432859699305
-2.575757575757576;8.636363636363637;0.15151515151515227;0.19978529106397463
-2.575757575757576;10.454545454545457;-10.454545454545453;0.001971193892612708
-2.2727272727272716;-12.272727272727273;0.7575757575757578;0.022475747895704355
-2.2727272727272716;-8.93939393939394;2.878787878787879;0.12567195285254634
-2.2727272727272716;-6.515151515151516;0.7575757575757578;0.5515289237164467
-2.2727272727272716;-6.515151515151516;5.0;0.17124600613347363
-2.2727272727272716;-6.212121212121211;1.9696969696969688;0.521402144985289
-2.2727272727272716;-5.6060606060606055;5.90909090909091;0.13830775840581314
-2.2727272727272716;-5.0;8.636363636363637;0.028208061840446868
-2.2727272727272716;-4.3939393939393945;1.9696969696969688;0.8402926653711473
-2.2727272727272716;-1.9696969696969688;-0.1515151515151505;1.004072305750852
-2.2727272727272716;-1.0606060606060606;-0.45454545454545325;0.7943962190495251
-2.2727272727272716;-1.0606060606060606;3.4848484848484844;0.3938011594754231
-2.2727272727272716;0.15151515151515227;0.15151515151515227;0.685786119853742
-2.2727272727272716;1.0606060606060623;-3.4848484848484844;0.3938011594754236
-2.2727272727272716;1.3636363636363633;-0.1515151515151505;0.8657183712193148
-2.2727272727272716;1.6666666666666679;-0.1515151515151505;0.9356446220423245
-2.2727272727272716;1.9696969696969688;5.0;0.2239115318803835
-2.2727272727272716;2.2727272727272734;-2.575757575757576;0.7087907423721064
-2.2727272727272716;2.878787878787879;-0.1515151515151505;1.1474641276254745
-2.2727272727272716;3.1818181818181834;2.2727272727272734;0.8445894475630756
-2.2727272727272716;3.4848484848484844;-4.3939393939393945;0.37121416063443996
-2.2727272727272716;3.4848484848484844;-0.45454545454545325;1.1474722048558128
-2.2727272727272716;3.787878787878789;-2.575757575757576;0.7632098010500471
-2.2727272727272716;3.787878787878789;-1.666666666666666;0.9630498326813725
-2.2727272727272716;3.787878787878789;4.09090909090909;0.4270786196602236
-2.2727272727272716;5.6060606060606055;-2.575757575757576;0.5487978293265156
-2.2727272727272716;5.90909090909091;-4.3939393939393945;0.2663403939870253
-2.2727272727272716;5.90909090909091;5.0;0.20344285389885
-2.2727272727272716;6.212121212121211;-4.09090909090909;0.27579931058073837
-2.2727272727272716;6.212121212121211;3.1818181818181834;0.3804148218667372
-2.2727272727272716;6.212121212121211;4.3939393939393945;0.24413638298933374
-2.2727272727272716;7.121212121212121;-0.1515151515151505;0.4397717806851744
-2.2727272727272716;7.727272727272727;5.3030303030303045;0.09728723472184565
-1.9696969696969688;-8.333333333333332;-4.09090909090909;0.12415734994862838
-1.9696969696969688;-5.6060606060606055;-5.6060606060606055;0.1659720844173687
-1.9696969696969688;-3.4848484848484844;-1.3636363636363633;1.0381986280906113
-1.9696969696969688;-3.1818181818181817;-0.45454545454545325;1.1411568714100004
-1.9696969696969688;-2.575757575757576;-1.9696969696969688;0.847056916898949
-1.9696969696969688;-2.2727272727272716;-0.7575757575757578;0.9732789645617442
-1.9696969696969688;-2.2727272727272716;3.787878787878789;0.41745694754285234
-1.9696969696969688;-1.666666666666666;1.3636363636363633;0.761722093751572
-1.9696969696969688;-1.3636363636363633;-0.1515151515151505;0.7457192090557763
-1.9696969696969688;-0.7575757575757578;-0.7575757575757578;0.5914618149757009
-1.9696969696969688;-0.1515151515151505;-1.0606060606060606;0.518291281164274
-1.9696969696969688;0.15151515151515227;-2.2727272727272716;0.4332291674559511
-1.9696969696969688;1.3636363636363633;-1.9696969696969688;0.617562794772681
-1.9696969696969688;1.3636363636363633;-0.7575757575757578;0.7303502374774745
-1.9696969696969688;1.9696969696969688;-5.0;0.20657806156697897
-1.9696969696969688;1.9696969696969688;-0.1515151515151505;0.9226435080228178
-1.9696969696969688;2.2727272727272734;4.696969696969699;0.26466700389540826
-1.9696969696969688;2.575757575757578;0.45454545454545503;1.0608386376785612
-1.9696969696969688;2.575757575757578;1.3636363636363633;0.9599096070326585
-1.9696969696969688;3.1818181818181834;0.15151515151515227;1.1542757435491113
-1.9696969696969688;3.4848484848484844;-1.3636363636363633;1.0381986280906115
-1.9696969696969688;3.787878787878789;0.7575757575757578;1.115398461918567
-1.9696969696969688;5.0;-1.3636363636363633;0.8631152345556806
-1.9696969696969688;5.6060606060606055;1.0606060606060623;0.7649350721565867
-1.9696969696969688;6.81818181818182;-1.9696969696969688;0.43000563020499405
-1.9696969696969688;12.878787878787879;-4.09090909090909;0.009235506887667536
-1.666666666666666;-8.030303030303031;-5.6060606060606055;0.08003184206902762
-1.666666666666666;-8.030303030303031;-1.666666666666666;0.2717274995416575
-1.666666666666666;-7.121212121212121;-5.0;0.14829255499350696
-1.666666666666666;-5.909090909090908;-1.3636363636363633;0.6882357877273807
-1.666666666666666;-5.6060606060606055;-0.45454545454545325;0.8294571156541604
-1.666666666666666;-3.4848484848484844;1.9696969696969688;0.9131095720995828
-1.666666666666666;-3.1818181818181817;0.45454545454545503;1.125779958585577
-1.666666666666666;-2.575757575757576;-3.4848484848484844;0.48588130920366057
-1.666666666666666;-1.3636363636363633;0.7575757575757578;0.612959275267504
-1.666666666666666;0.15151515151515227;-4.3939393939393945;0.1397851265782696
-1.666666666666666;1.3636363636363633;-1.666666666666666;0.5615753836104033
-1.666666666666666;1.6666666666666679;5.90909090909091;0.09652135425681965
-1.666666666666666;3.787878787878789;-2.2727272727272716;0.8452178531532986
-1.666666666666666;4.696969696969699;0.15151515151515227;1.0491510110709208
-1.666666666666666;4.696969696969699;5.3030303030303045;0.22603635648321416
-1.666666666666666;6.212121212121211;1.6666666666666679;0.5910702387234829
-1.666666666666666;6.515151515151516;2.575757575757578;0.4348489507011476
-1.666666666666666;10.757575757575758;-1.0606060606060606;0.0626792247633312
-1.3636363636363633;-11.363636363636363;-4.696969696969697;0.021128353817512234
-1.3636363636363633;-9.848484848484848;1.9696969696969688;0.10010705656820826
-1.3636363636363633;-8.030303030303031;-4.696969696969697;0.12036127630284507
-1.3636363636363633;-8.030303030303031;-4.3939393939393945;0.1351648154669293
-1.3636363636363633;-5.909090909090908;-1.666666666666666;0.6714699950909035
-1.3636363636363633;-5.6060606060606055;0.45454545454545503;0.8500620089496723
-1.3636363636363633;-5.0;-3.4848484848484844;0.5052982222748901
-1.3636363636363633;-3.787878787878787;-7.424242424242424;0.06176822679372512
-1.3636363636363633;-3.787878787878787;3.1818181818181834;0.6270238525267193
-1.3636363636363633;-2.575757575757576;-0.45454545454545325;0.9622177031188817
-1.3636363636363633;-2.575757575757576;2.2727272727272734;0.7163001886790112
-1.3636363636363633;1.3636363636363633;-0.1515151515151505;0.5001046093765469
-1.3636363636363633;1.3636363636363633;0.15151515151515227;0.500104609376547
-1.3636363636363633;1.6666666666666679;1.9696969696969688;0.5305788377166124
-1.3636363636363633;2.2727272727272734;1.9696969696969688;0.7010578830308948
-1.3636363636363633;2.878787878787879;-1.9696969696969688;0.8363768502437825
-1.3636363636363633;3.787878787878789;3.4848484848484844;0.5565165307242306
-1.3636363636363633;4.3939393939393945;-5.6060606060606055;0.19617263317934386
-1.3636363636363633;4.696969696969699;-1.3636363636363633;0.9563170865149098
-1.3636363636363633;4.696969696969699;6.515151515151516;0.11437379074442236
-1.3636363636363633;5.90909090909091;1.6666666666666679;0.6714699950909031
-1.3636363636363633;6.515151515151516;-2.575757575757576;0.44615274473818606
-1.3636363636363633;6.515151515151516;2.575757575757578;0.4461527447381859
-1.3636363636363633;8.030303030303031;4.3939393939393945;0.13516481546692927
-1.0606060606060606;-8.333333333333332;3.787878787878789;0.14832088994249218
-1.0606060606060606;-8.030303030303031;0.45454545454545503;0.3218229616266059
-1.0606060606060606;-5.0;3.1818181818181834;0.5717829049098049
-1.0606060606060606;-4.3939393939393945;8.939393939393941;0.022751986099924924
-1.0606060606060606;-4.09090909090909;-6.515151515151516;0.11356925575506124
-1.0606060606060606;-4.09090909090909;-0.1515151515151505;1.157189874863174
-1.0606060606060606;-2.878787878787879;1.6666666666666679;0.869028581316696
-1.0606060606060606;-2.575757575757576;-3.1818181818181817;0.5027380176140789
-1.0606060606060606;-0.7575757575757578;2.575757575757578;0.19629199098797376
-1.0606060606060606;2.2727272727272734;1.0606060606060623;0.7617408668774786
-1.0606060606060606;2.2727272727272734;3.787878787878789;0.34356257669353935
-1.0606060606060606;2.575757575757578;-1.0606060606060606;0.8701829117155196
-1.0606060606060606;2.878787878787879;0.45454545454545503;1.0128029834271963
-1.0606060606060606;4.09090909090909;-0.45454545454545325;1.144025104487401
-1.0606060606060606;4.09090909090909;1.3636363636363633;1.0324292241017032
-1.0606060606060606;4.696969696969699;0.7575757575757578;1.0465895220197756
-1.0606060606060606;5.3030303030303045;0.7575757575757578;0.9217726735882578
-1.0606060606060606;5.3030303030303045;3.4848484848484844;0.48367474855037834
-1.0606060606060606;6.515151515151516;-2.878787878787879;0.418955994127299
-1.0606060606060606;7.121212121212121;0.45454545454545503;0.4938538659102928
-1.0606060606060606;8.030303030303031;10.454545454545457;0.005149394486240025
-0.7575757575757578;-10.757575757575758;2.575757575757578;0.05440326404194209
-0.7575757575757578;-9.242424242424242;5.90909090909091;0.04335712520844786
-0.7575757575757578;-8.93939393939394;-4.3939393939393945;0.09162415480078777
-0.7575757575757578;-8.636363636363637;3.4848484848484844;0.1428067967715004
-0.7575757575757578;-8.030303030303031;-0.1515151515151505;0.33021594957006906
-0.7575757575757578;-6.515151515151516;1.6666666666666679;0.5637597569086281
-0.7575757575757578;-2.878787878787879;-3.787878787878787;0.4135627592291919
-0.7575757575757578;-2.575757575757576;0.7575757575757578;0.8571303595241565
-0.7575757575757578;-0.7575757575757578;-5.0;0.04489469417941458
-0.7575757575757578;1.0606060606060623;1.6666666666666679;0.22795709349370014
-0.7575757575757578;1.9696969696969688;-3.787878787878787;0.2725280876727986
-0.7575757575757578;1.9696969696969688;-1.0606060606060606;0.5822610324869614
-0.7575757575757578;2.575757575757578;-5.909090909090908;0.11462203627137892
-0.7575757575757578;2.878787878787879;1.3636363636363633;0.8940692448557305
-0.7575757575757578;3.1818181818181834;1.3636363636363633;0.9657259282245065
-0.7575757575757578;3.4848484848484844;-3.1818181818181817;0.6069568430510847
-0.7575757575757578;4.09090909090909;-0.45454545454545325;1.1474722048558124
-0.7575757575757578;4.3939393939393945;3.1818181818181834;0.6199362496355711
-0.7575757575757578;5.6060606060606055;1.0606060606060623;0.8344034824539662
-0.7575757575757578;5.90909090909091;-3.1818181818181817;0.46955639403311333
-0.7575757575757578;10.454545454545457;-0.1515151515151505;0.0840946757645926
-0.7575757575757578;11.363636363636363;0.7575757575757578;0.04639045416222676
-0.45454545454545325;-6.212121212121211;1.9696969696969688;0.5990941207223551
-0.45454545454545325;-6.212121212121211;6.81818181818182;0.08028114712083942
-0.45454545454545325;-5.909090909090908;0.45454545454545503;0.8090370897871808
-0.45454545454545325;-5.303030303030303;1.9696969696969688;0.7782301291541228
-0.45454545454545325;-4.696969696969697;-4.09090909090909;0.4189224577834558
-0.45454545454545325;-4.09090909090909;2.878787878787879;0.7000012480705846
-0.45454545454545325;-2.2727272727272716;0.15151515151515227;0.7063494298333224
-0.45454545454545325;-1.9696969696969688;0.15151515151515227;0.5500017749858008
-0.45454545454545325;-1.666666666666666;-3.787878787878787;0.20012000315835946
-0.45454545454545325;2.575757575757578;-2.2727272727272716;0.6387622944648041
-0.45454545454545325;2.575757575757578;-1.0606060606060606;0.8058442120480144
-0.45454545454545325;2.878787878787879;2.575757575757578;0.6536476964586124
-0.45454545454545325;4.09090909090909;1.3636363636363633;1.0367305603222956
-0.45454545454545325;4.3939393939393945;-3.4848484848484844;0.5532104968209378
-0.45454545454545325;4.696969696969699;0.45454545454545503;1.0867648561385006
-0.45454545454545325;5.3030303030303045;0.45454545454545503;0.9623101050946594
-0.45454545454545325;6.515151515151516;-0.45454545454545325;0.6522602247578395
-0.45454545454545325;6.81818181818182;0.45454545454545503;0.5779012951446009
-0.45454545454545325;7.121212121212121;-0.7575757575757578;0.4987032441456634
-0.45454545454545325;7.424242424242426;6.81818181818182;0.058106618331626905
-0.45454545454545325;8.030303030303031;-8.333333333333332;0.020144349262205034
-0.45454545454545325;9.242424242424242;2.575757575757578;0.13234963826434992
-0.45454545454545325;9.545454545454547;2.2727272727272734;0.11876712662004218
-0.45454545454545325;14.090909090909093;7.424242424242426;0.0015091137413026717
-0.1515151515151505;-9.242424242424242;-2.2727272727272716;0.14140830342211055
-0.1515151515151505;-8.030303030303031;1.6666666666666679;0.2956246165991208
-0.1515151515151505;-6.515151515151516;5.0;0.19298845786388416
-0.1515151515151505;-5.303030303030303;-1.0606060606060606;0.9159183665665964
-0.1515151515151505;-5.0;-3.787878787878787;0.4614427438475809
-0.1515151515151505;-5.0;-2.2727272727272716;0.7720339287048903
-0.1515151515151505;-4.09090909090909;-2.2727272727272716;0.8458640182575651
-0.1515151515151505;-4.09090909090909;-1.3636363636363633;1.0372637021273334
-0.1515151515151505;-1.666666666666666;-4.696969696969697;0.11829613988045484
-0.1515151515151505;1.9696969696969688;6.212121212121211;0.0608548972993172
-0.1515151515151505;4.3939393939393945;-0.7575757575757578;1.1047371594451205
-0.1515151515151505;4.696969696969699;2.2727272727272734;0.8091257134368134
-0.1515151515151505;5.3030303030303045;1.3636363636363633;0.8776464688836149
-0.1515151515151505;5.6060606060606055;-2.2727272727272716;0.6744872679962636
-0.1515151515151505;5.6060606060606055;2.575757575757578;0.6220908247039609
-0.1515151515151505;6.212121212121211;-0.1515151515151505;0.7411056173795487
-0.1515151515151505;6.515151515151516;-3.1818181818181817;0.3936218778544315
-0.1515151515151505;7.727272727272727;-7.121212121212121;0.04475860652624276
0.15151515151515227;-8.030303030303031;0.15151515151515227;0.33594946747675153
0.15151515151515227;-7.727272727272727;-0.1515151515151505;0.38998147633826136
0.15151515151515227;-5.909090909090908;7.727272727272727;0.04896599912815906
0.15151515151515227;-5.303030303030303;-2.575757575757576;0.6685727209481406
0.15151515151515227;-5.0;-3.1818181818181817;0.5823152600150643
0.15151515151515227;-3.787878787878787;-1.666666666666666;0.974764694567979
0.15151515151515227;-3.1818181818181817;1.9696969696969688;0.8363768502437828
0.15151515151515227;-3.1818181818181817;4.3939393939393945;0.3266970742709605
0.15151515151515227;-2.575757575757576;-1.666666666666666;0.7239148286875552
0.15151515151515227;-1.9696969696969688;-3.1818181818181817;0.3216834039399161
0.15151515151515227;-1.9696969696969688;1.6666666666666679;0.48899563265459733
0.15151515151515227;2.878787878787879;1.9696969696969688;0.7672886498454738
0.15151515151515227;4.09090909090909;-5.909090909090908;0.16262866602761036
0.15151515151515227;4.09090909090909;-2.2727272727272716;0.8458640182575651
0.15151515151515227;5.3030303030303045;-5.303030303030303;0.21756604614318523
0.15151515151515227;6.81818181818182;-3.1818181818181817;0.3531426357922517
0.15151515151515227;7.121212121212121;-4.696969696969697;0.18097722543630432
0.15151515151515227;7.727272727272727;0.45454545454545503;0.3865642320339315
0.15151515151515227;14.393939393939394;4.09090909090909;0.003656580576345596
0.45454545454545503;-8.333333333333332;0.15151515151515227;0.28611519494039106
0.45454545454545503;-6.818181818181818;-0.45454545454545325;0.5779012951446012
0.45454545454545503;-5.0;1.9696969696969688;0.8291211378887288
0.45454545454545503;-4.3939393939393945;-2.575757575757576;0.7632098010500468
0.45454545454545503;-4.09090909090909;-0.45454545454545325;1.14916348976225
0.45454545454545503;-3.787878787878787;-5.303030303030303;0.2247489186615226
0.45454545454545503;-3.787878787878787;0.45454545454545503;1.1460119526517298
0.45454545454545503;-2.878787878787879;-3.787878787878787;0.40536828868032804
0.45454545454545503;-2.878787878787879;-0.7575757575757578;0.9429105409335417
0.45454545454545503;-1.3636363636363633;-1.9696969696969688;0.26669851262625616
0.45454545454545503;1.0606060606060623;-5.6060606060606055;0.035448306422736116
0.45454545454545503;2.878787878787879;3.787878787878789;0.40536828868032726
0.45454545454545503;3.1818181818181834;-2.2727272727272716;0.7769436961366739
0.45454545454545503;3.4848484848484844;-1.666666666666666;0.9504390829587391
0.45454545454545503;4.09090909090909;-0.45454545454545325;1.14916348976225
0.45454545454545503;4.3939393939393945;0.7575757575757578;1.1026463379567353
0.45454545454545503;4.696969696969699;-3.4848484848484844;0.5399821491171379
0.45454545454545503;6.81818181818182;-6.515151515151516;0.08214915297397742
0.45454545454545503;9.545454545454547;-0.1515151515151505;0.1466039885692559
0.7575757575757578;-8.93939393939394;1.6666666666666679;0.18151578247441116
0.7575757575757578;-8.333333333333332;-1.666666666666666;0.2497649491315516
0.7575757575757578;-8.030303030303031;0.15151515151515227;0.33021594957006906
0.7575757575757578;-5.6060606060606055;-1.3636363636363633;0.8004569644660771
0.7575757575757578;-5.303030303030303;3.1818181818181834;0.5452746578460973
0.7575757575757578;-3.787878787878787;0.15151515151515227;1.1615433090219796
0.7575757575757578;-3.1818181818181817;3.4848484848484844;0.5105449257433312
0.7575757575757578;-2.878787878787879;-3.787878787878787;0.41356275922919206
0.7575757575757578;-1.3636363636363633;-4.696969696969697;0.10507714561520422
0.7575757575757578;-1.0606060606060606;1.3636363636363633;0.2279277072605559
0.7575757575757578;2.2727272727272734;0.45454545454545503;0.7408292017396009
0.7575757575757578;3.1818181818181834;-0.1515151515151505;1.0793685702144313
0.7575757575757578;3.787878787878789;3.1818181818181834;0.6233572601426217
0.7575757575757578;4.09090909090909;3.1818181818181834;0.6273394733315285
0.7575757575757578;4.3939393939393945;0.7575757575757578;1.098219912296732
0.7575757575757578;5.90909090909091;1.6666666666666679;0.694988393437508
0.7575757575757578;6.212121212121211;-5.6060606060606055;0.1543051339905151
0.7575757575757578;7.727272727272727;0.45454545454545503;0.37998373010756437
0.7575757575757578;9.545454545454547;-3.1818181818181817;0.0962978562724141
1.0606060606060623;-9.848484848484848;-9.242424242424242;0.00585369030079428
1.0606060606060623;-6.515151515151516;5.0;0.188225591854565
1.0606060606060623;-5.303030303030303;-0.1515151515151505;0.9517781394827436
1.0606060606060623;-3.1818181818181817;4.3939393939393945;0.33977034878540013
1.0606060606060623;-2.575757575757576;9.545454545454547;0.009164458784923626
1.0606060606060623;2.2727272727272734;-0.7575757575757578;0.7817355485126036
1.0606060606060623;2.878787878787879;1.6666666666666679;0.869028581316696
1.0606060606060623;3.4848484848484844;1.6666666666666679;0.9641642008006072
1.0606060606060623;4.3939393939393945;0.15151515151515227;1.1286555680647705
1.0606060606060623;4.696969696969699;-1.9696969696969688;0.8587722133149731
1.0606060606060623;5.0;-1.9696969696969688;0.8146506375118715
1.0606060606060623;5.0;0.15151515151515227;1.0218032395234742
1.0606060606060623;6.81818181818182;2.878787878787879;0.3747274745854769
1.0606060606060623;8.333333333333336;-2.575757575757576;0.2069832411199657
1.3636363636363633;-8.030303030303031;2.2727272727272734;0.25075873387252173
1.3636363636363633;-7.424242424242424;0.45454545454545503;0.42117030753560536
1.3636363636363633;-5.303030303030303;-0.45454545454545325;0.9250241384298958
1.3636363636363633;-5.0;0.7575757575757578;0.9734578034454756
1.3636363636363633;-5.0;1.3636363636363633;0.9026477452378606
1.3636363636363633;-4.3939393939393945;-6.212121212121211;0.1381871334296223
1.3636363636363633;-3.4848484848484844;2.575757575757578;0.76486559044912
1.3636363636363633;-3.4848484848484844;8.333333333333336;0.031334381589779026
1.3636363636363633;-3.1818181818181817;4.3939393939393945;0.34696906808985994
1.3636363636363633;-3.1818181818181817;4.696969696969699;0.2966543645724875
1.3636363636363633;-1.9696969696969688;-9.242424242424242;0.009283713450888699
1.3636363636363633;-1.666666666666666;1.6666666666666679;0.561575383610403
1.3636363636363633;1.9696969696969688;-1.666666666666666;0.6566569773720449
1.3636363636363633;1.9696969696969688;1.9696969696969688;0.617562794772681
1.3636363636363633;2.575757575757578;-2.2727272727272716;0.716300188679012
1.3636363636363633;2.878787878787879;4.09090909090909;0.379927359858723
1.3636363636363633;5.0;1.3636363636363633;0.9026477452378606
1.3636363636363633;5.90909090909091;1.3636363636363633;0.7058568365291529
1.3636363636363633;8.939393939393941;-3.787878787878787;0.10794352567567275
1.3636363636363633;9.848484848484848;-0.7575757575757578;0.11419899323512817
1.6666666666666679;-11.969696969696969;-3.4848484848484844;0.01981369481027662
1.6666666666666679;-8.030303030303031;6.515151515151516;0.05184929633810455
1.6666666666666679;-6.818181818181818;-2.575757575757576;0.3877363358054167
1.6666666666666679;-5.909090909090908;-2.2727272727272716;0.5764323407171005
1.6666666666666679;-5.909090909090908;-0.1515151515151505;0.760769645360202
1.6666666666666679;-5.6060606060606055;-5.0;0.22930466464213356
1.6666666666666679;-5.6060606060606055;-1.3636363636363633;0.7563128360392959
1.6666666666666679;-5.303030303030303;-0.7575757575757578;0.8852948852766296
1.6666666666666679;-4.696969696969697;0.7575757575757578;1.0150662433473938
1.6666666666666679;-3.787878787878787;-1.0606060606060606;1.0844974242221406
1.6666666666666679;-3.4848484848484844;-1.666666666666666;0.9779351919253678
1.6666666666666679;-3.4848484848484844;-1.3636363636363633;1.0356200641772877
1.6666666666666679;-3.4848484848484844;1.6666666666666679;0.9779351919253678
1.6666666666666679;-2.878787878787879;-1.9696969696969688;0.8613290383824527
1.6666666666666679;-2.2727272727272716;1.3636363636363633;0.8457329952433603
1.6666666666666679;-1.9696969696969688;-0.7575757575757578;0.8133919581723772
1.6666666666666679;-1.9696969696969688;0.45454545454545503;0.8273843396666234
1.6666666666666679;-1.0606060606060606;-0.45454545454545325;0.5252825940875636
1.6666666666666679;-0.45454545454545325;2.2727272727272734;0.3481992122034558
1.6666666666666679;2.2727272727272734;0.45454545454545503;0.9267455955568904
1.6666666666666679;4.3939393939393945;1.6666666666666679;0.9327941521721124
1.6666666666666679;5.6060606060606055;2.2727272727272734;0.630779530580638
1.6666666666666679;5.6060606060606055;5.0;0.22930466464213356
1.6666666666666679;5.90909090909091;-1.9696969696969688;0.6172882308237765
1.6666666666666679;8.030303030303031;2.2727272727272734;0.24392847881990692
1.6666666666666679;8.636363636363637;4.696969696969699;0.08937543130570866
1.6666666666666679;10.757575757575758;-2.575757575757576;0.05111215306848554
1.9696969696969688;-9.242424242424242;-6.818181818181818;0.026217143027924036
1.9696969696969688;-8.93939393939394;-3.4848484848484844;0.11143833204857348
1.9696969696969688;-8.333333333333332;0.15151515151515227;0.2551791460932374
1.9696969696969688;-7.424242424242424;5.0;0.1289457493380742
1.9696969696969688;-7.121212121212121;3.787878787878789;0.23189712786640385
1.9696969696969688;-6.818181818181818;-1.9696969696969688;0.4300056302049945
1.9696969696969688;-6.212121212121211;0.45454545454545503;0.6558130907315721
1.9696969696969688;-5.6060606060606055;-4.696969696969697;0.25866363918767915
1.9696969696969688;-4.3939393939393945;-1.9696969696969688;0.8587722133149728
1.9696969696969688;-3.787878787878787;-5.0;0.27336604547381005
1.9696969696969688;-3.1818181818181817;-5.0;0.2634460816988743
1.9696969696969688;-2.878787878787879;-0.7575757575757578;1.08601633253691
1.9696969696969688;-2.878787878787879;1.9696969696969688;0.8840952014261627
1.9696969696969688;-2.2727272727272716;-1.0606060606060606;0.9427323094871366
1.9696969696969688;-1.3636363636363633;-1.666666666666666;0.6566569773720449
1.9696969696969688;-0.7575757575757578;-5.6060606060606055;0.09948300087391458
1.9696969696969688;1.6666666666666679;-1.666666666666666;0.7239148286875553
1.9696969696969688;2.575757575757578;-4.3939393939393945;0.3313751055756848
1.9696969696969688;3.1818181818181834;-1.3636363636363633;1.0292905600429008
1.9696969696969688;4.09090909090909;-2.575757575757576;0.7552961441437205
1.9696969696969688;4.09090909090909;0.15151515151515227;1.125982459382476
1.9696969696969688;4.09090909090909;2.575757575757578;0.7552961441437199
1.9696969696969688;5.0;-3.1818181818181817;0.5433035586511209
1.9696969696969688;5.0;-2.2727272727272716;0.7149256525520877
2.2727272727272734;-11.363636363636363;1.0606060606060623;0.039945198878965416
2.2727272727272734;-8.636363636363637;2.878787878787879;0.14692723990636072
2.2727272727272734;-5.6060606060606055;-2.878787878787879;0.503072229433228
2.2727272727272734;-5.6060606060606055;1.3636363636363633;0.7094089762123229
2.2727272727272734;-5.6060606060606055;5.6060606060606055;0.1621228479066258
2.2727272727272734;-4.696969696969697;-1.3636363636363633;0.8955716480291731
2.2727272727272734;-3.787878787878787;1.3636363636363633;1.0187255953103258
2.2727272727272734;-3.1818181818181817;5.90909090909091;0.15978034298970833
2.2727272727272734;-2.878787878787879;1.0606060606060623;1.0714519190805067
2.2727272727272734;-2.575757575757576;-2.575757575757576;0.7387364816436769
2.2727272727272734;-1.9696969696969688;-1.0606060606060606;0.9427323094871369
2.2727272727272734;-1.666666666666666;0.45454545454545503;0.92674559555689
2.2727272727272734;-0.7575757575757578;-2.2727272727272716;0.5727597083585747
2.2727272727272734;1.0606060606060623;-1.0606060606060606;0.7617408668774791
2.2727272727272734;1.0606060606060623;1.3636363636363633;0.7338968011057454
2.2727272727272734;1.9696969696969688;-2.575757575757576;0.6724950881106689
2.2727272727272734;4.09090909090909;-1.9696969696969688;0.8755532634695053
2.2727272727272734;5.0;1.6666666666666679;0.7947542263080001
2.2727272727272734;8.636363636363637;-4.696969696969697;0.08376032866559005
2.575757575757578;-8.333333333333332;3.4848484848484844;0.13908553304698482
2.575757575757578;-6.818181818181818;3.787878787878789;0.24139204945785261
2.575757575757578;-6.515151515151516;-0.7575757575757578;0.5274678421328869
2.575757575757578;-5.0;3.787878787878789;0.41060548777988853
2.575757575757578;-4.696969696969697;1.9696969696969688;0.7719930825889841
2.575757575757578;-4.3939393939393945;-0.45454545454545325;1.0146200884547674
2.575757575757578;-3.787878787878787;-4.09090909090909;0.4234734810348505
2.575757575757578;-3.787878787878787;-3.4848484848484844;0.5470909490408361
2.575757575757578;-3.4848484848484844;-1.3636363636363633;1.0256722180120996
2.575757575757578;-3.4848484848484844;1.0606060606060623;1.0732482142827886
2.575757575757578;-1.3636363636363633;2.878787878787879;0.589506805762457
2.575757575757578;-0.7575757575757578;1.6666666666666679;0.7593985235407372
2.575757575757578;-0.1515151515151505;-1.0606060606060606;0.7916172110254959
2.575757575757578;1.6666666666666679;1.3636363636363633;0.9188625264378093
2.575757575757578;1.6666666666666679;2.2727272727272734;0.7496506601075219
2.575757575757578;1.9696969696969688;-1.666666666666666;0.9070860744284596
2.575757575757578;2.575757575757578;2.2727272727272734;0.8307192342218782
2.575757575757578;3.4848484848484844;-12.272727272727273;0.0017608970776878078
2.575757575757578;3.787878787878789;2.878787878787879;0.6828298426116385
2.575757575757578;4.09090909090909;-7.121212121212121;0.0787057255337633
2.575757575757578;5.0;-1.9696969696969688;0.7212357569633536
2.575757575757578;5.3030303030303045;2.878787878787879;0.5263479931669627
2.575757575757578;5.6060606060606055;0.7575757575757578;0.7305309831244294
2.575757575757578;5.6060606060606055;1.6666666666666679;0.6483465651061721
2.575757575757578;7.424242424242426;-1.3636363636363633;0.3357428066044222
2.575757575757578;8.030303030303031;0.7575757575757578;0.2665880162229778
2.878787878787879;-9.545454545454545;-0.45454545454545325;0.11399346435693454
2.878787878787879;-8.93939393939394;7.424242424242426;0.01987050453592048
2.878787878787879;-8.636363636363637;-2.2727272727272716;0.15267914106561953
2.878787878787879;-6.515151515151516;-0.1515151515151505;0.5156352192019028
2.878787878787879;-6.515151515151516;0.45454545454545503;0.510879567809011
2.878787878787879;-5.6060606060606055;-4.696969696969697;0.2354752685153791
2.878787878787879;-5.6060606060606055;-3.4848484848484844;0.38187242878831795
2.878787878787879;-5.0;-0.45454545454545325;0.8500620089496723
2.878787878787879;-5.0;0.45454545454545503;0.8500620089496723
2.878787878787879;-4.696969696969697;-4.3939393939393945;0.32615177142173846
2.878787878787879;-3.4848484848484844;2.878787878787879;0.6866294814202528
2.878787878787879;-3.1818181818181817;-6.515151515151516;0.11403395136101134
2.878787878787879;-2.575757575757576;3.787878787878789;0.48560109157282816
2.878787878787879;-0.45454545454545325;-1.9696969696969688;0.7754728266421043
2.878787878787879;1.6666666666666679;0.7575757575757578;1.0565103248316758
2.878787878787879;1.9696969696969688;-0.45454545454545325;1.1108124273522029
2.878787878787879;3.1818181818181834;3.1818181818181834;0.6254235853208403
2.878787878787879;3.4848484848484844;0.45454545454545503;1.1159514352454383
2.878787878787879;4.3939393939393945;-1.666666666666666;0.8423665456804339
2.878787878787879;5.0;-8.93939393939394;0.022442245608782413
2.878787878787879;8.939393939393941;1.9696969696969688;0.13735986601493227
3.1818181818181834;-12.272727272727273;-1.0606060606060606;0.019297971787936064
3.1818181818181834;-8.030303030303031;6.515151515151516;0.04345871825403451
3.1818181818181834;-5.6060606060606055;-4.696969696969697;0.22590872860743672
3.1818181818181834;-5.0;2.878787878787879;0.5216719868426416
3.1818181818181834;-4.3939393939393945;1.6666666666666679;0.8085016414713002
3.1818181818181834;-4.3939393939393945;5.90909090909091;0.15459159852700538
3.1818181818181834;-3.787878787878787;-0.7575757575757578;1.0223059066339004
3.1818181818181834;-3.787878787878787;1.9696969696969688;0.8402926653711472
3.1818181818181834;-3.4848484848484844;2.878787878787879;0.6726066088200775
3.1818181818181834;-2.2727272727272716;-5.0;0.2682766401369731
3.1818181818181834;-1.3636363636363633;-3.1818181818181817;0.5980970169988258
3.1818181818181834;-0.7575757575757578;0.45454545454545503;1.0676240963803834
3.1818181818181834;1.0606060606060623;-3.4848484848484844;0.5191723459289288
3.1818181818181834;1.0606060606060623;1.0606060606060623;1.0269775271746775
3.1818181818181834;1.9696969696969688;1.0606060606060623;1.0776353914587937
3.1818181818181834;1.9696969696969688;1.6666666666666679;0.971889598689455
3.1818181818181834;1.9696969696969688;2.575757575757578;0.76486559044912
3.1818181818181834;2.878787878787879;2.575757575757578;0.7691269578990501
3.1818181818181834;3.1818181818181834;-3.787878787878787;0.48595788338214607
3.1818181818181834;4.3939393939393945;0.45454545454545503;0.9375052393066243
3.1818181818181834;4.696969696969699;0.15151515151515227;0.8841804222642455
3.1818181818181834;4.696969696969699;3.4848484848484844;0.455448561796492
3.1818181818181834;5.0;-0.45454545454545325;0.8090370897871808
3.1818181818181834;5.0;4.09090909090909;0.3377253271942926
3.4848484848484844;-8.030303030303031;11.363636363636363;0.00231049478397733
3.4848484848484844;-5.6060606060606055;-2.878787878787879;0.41895599412729934
3.4848484848484844;-5.303030303030303;4.3939393939393945;0.26521153747671217
3.4848484848484844;-5.0;3.787878787878789;0.36379704645071387
3.4848484848484844;-3.787878787878787;-4.696969696969697;0.3011584042734896
3.4848484848484844;-3.787878787878787;5.0;0.2594695868999528
3.4848484848484844;-3.4848484848484844;1.9696969696969688;0.8430213082233237
3.4848484848484844;-2.878787878787879;-1.3636363636363633;1.0083698248075539
3.4848484848484844;-2.575757575757576;-3.1818181818181817;0.6243445584558838
3.4848484848484844;-2.575757575757576;-1.3636363636363633;1.0256722180120996
3.4848484848484844;-2.2727272727272716;-1.666666666666666;0.9781121633169156
3.4848484848484844;-2.2727272727272716;-0.7575757575757578;1.1214925008314056
3.4848484848484844;-1.3636363636363633;-3.1818181818181817;0.6182257176609216
3.4848484848484844;-1.0606060606060606;1.9696969696969688;0.9000223537704345
3.4848484848484844;0.7575757575757578;2.575757575757578;0.7520910637385432
3.4848484848484844;1.0606060606060623;1.6666666666666679;0.964164200800607
3.4848484848484844;1.9696969696969688;-2.2727272727272716;0.8460395496934536
3.4848484848484844;1.9696969696969688;3.4848484848484844;0.5561709575991305
3.4848484848484844;3.4848484848484844;1.3636363636363633;0.9499717288364113
3.4848484848484844;3.787878787878789;1.0606060606060623;0.9498027848675826
3.4848484848484844;4.09090909090909;-0.1515151515151505;0.9601778172830092
3.4848484848484844;5.6060606060606055;-0.1515151515151505;0.6408986275613491
3.787878787878789;-10.454545454545453;-1.9696969696969688;0.04887132182175201
3.787878787878789;-6.818181818181818;-1.0606060606060606;0.35757249510754757
3.787878787878789;-6.515151515151516;-5.0;0.1364236580473503
3.787878787878789;-5.6060606060606055;-2.575757575757576;0.4281710872373541
3.787878787878789;-5.6060606060606055;1.9696969696969688;0.4919414767132728
3.787878787878789;-4.09090909090909;0.45454545454545503;0.8999925635894069
3.787878787878789;-1.666666666666666;-2.2727272727272716;0.8452178531532986
3.787878787878789;-0.7575757575757578;1.9696969696969688;0.9131095720995822
3.787878787878789;-0.45454545454545325;-5.909090909090908;0.15788212548393427
3.787878787878789;-0.45454545454545325;0.7575757575757578;1.120034160958812
3.787878787878789;-0.1515151515151505;-2.2727272727272716;0.8402199644630657
3.787878787878789;0.15151515151515227;0.45454545454545503;1.1445885688470938
3.787878787878789;1.0606060606060623;0.15151515151515227;1.1636890026580398
3.787878787878789;1.0606060606060623;1.0606060606060623;1.0862500920381903
3.787878787878789;2.575757575757578;-4.3939393939393945;0.3681754490768664
3.787878787878789;2.575757575757578;-2.878787878787879;0.6828298426116385
3.787878787878789;2.878787878787879;-0.7575757575757578;1.0564064264248265
3.787878787878789;3.4848484848484844;0.7575757575757578;0.9812110239262161
3.787878787878789;4.696969696969699;6.212121212121211;0.11771076777760628
3.787878787878789;5.0;-1.666666666666666;0.6256757011756151
3.787878787878789;5.6060606060606055;-2.575757575757576;0.4281710872373541
3.787878787878789;6.81818181818182;2.878787878787879;0.25626240609503126
3.787878787878789;7.727272727272727;3.4848484848484844;0.1474036562600212
3.787878787878789;11.969696969696969;-0.45454545454545325;0.02164767211008827
4.09090909090909;-8.030303030303031;-2.878787878787879;0.14072026354063025
4.09090909090909;-7.727272727272727;-8.93939393939394;0.011029213158369522
4.09090909090909;-5.909090909090908;-1.666666666666666;0.4369963582706698
4.09090909090909;-5.0;1.3636363636363633;0.6138849867789951
4.09090909090909;-5.0;4.3939393939393945;0.25624422678910375
4.09090909090909;-4.3939393939393945;-4.696969696969697;0.2548065973091988
4.09090909090909;-4.09090909090909;0.7575757575757578;0.8285863286335007
4.09090909090909;-3.1818181818181817;1.3636363636363633;0.9026477452378606
4.09090909090909;-1.9696969696969688;1.0606060606060623;1.0522908240013715
4.09090909090909;-1.9696969696969688;1.9696969696969688;0.8901818562495603
4.09090909090909;-1.666666666666666;-2.2727272727272716;0.8333406909700547
4.09090909090909;-0.7575757575757578;1.3636363636363633;1.0353278877883076
4.09090909090909;-0.45454545454545325;-1.666666666666666;0.979348030060485
4.09090909090909;-0.45454545454545325;1.9696969696969688;0.9149559473355362
4.09090909090909;-0.1515151515151505;-0.45454545454545325;1.1498160931814179
4.09090909090909;-0.1515151515151505;-0.1515151515151505;1.1630809951529544
4.09090909090909;0.15151515151515227;-2.878787878787879;0.7000781536986372
4.09090909090909;0.45454545454545503;2.2727272727272734;0.8455854378259258
4.09090909090909;1.0606060606060623;-3.4848484848484844;0.5569404182638276
4.09090909090909;1.9696969696969688;1.0606060606060623;1.0522908240013715
4.09090909090909;1.9696969696969688;1.3636363636363633;1.0060977740333754
4.09090909090909;1.9696969696969688;1.6666666666666679;0.951462789069751
4.09090909090909;4.3939393939393945;-4.3939393939393945;0.2914380338615476
4.09090909090909;4.3939393939393945;9.242424242424242;0.017803233594254873
4.09090909090909;5.6060606060606055;-0.45454545454545325;0.5526848131548303
4.09090909090909;5.90909090909091;-5.0;0.15521869976101793
4.09090909090909;6.515151515151516;2.2727272727272734;0.31087140483823716
4.09090909090909;11.666666666666668;9.545454545454547;0.0015270231176858677
4.3939393939393945;-5.0;1.9696969696969688;0.5132356908258159
4.3939393939393945;-4.696969696969697;-2.575757575757576;0.48373382987455915
4.3939393939393945;-3.787878787878787;2.2727272727272734;0.6394981187219025
4.3939393939393945;-3.1818181818181817;-3.787878787878787;0.4287194843787901
4.3939393939393945;-3.1818181818181817;2.2727272727272734;0.7063469461404878
4.3939393939393945;-2.878787878787879;3.4848484848484844;0.4988232652634988
4.3939393939393945;-1.666666666666666;8.636363636363637;0.028508500479107635
4.3939393939393945;-1.3636363636363633;0.45454545454545503;1.105017645736612
4.3939393939393945;-1.0606060606060606;-0.1515151515151505;1.128655568064771
4.3939393939393945;-0.7575757575757578;-1.9696969696969688;0.8973727980882442
4.3939393939393945;-0.45454545454545325;-8.030303030303031;0.042647426823876636
4.3939393939393945;-0.1515151515151505;0.7575757575757578;1.1047371594451205
4.3939393939393945;1.6666666666666679;0.15151515151515227;1.102240096461437
4.3939393939393945;1.9696969696969688;0.7575757575757578;1.0465895220197763
4.3939393939393945;2.2727272727272734;-2.575757575757576;0.7160787465799628
4.3939393939393945;2.575757575757578;0.15151515151515227;1.0257819972431896
4.3939393939393945;3.787878787878789;-0.45454545454545325;0.8418005092591594
4.3939393939393945;5.6060606060606055;-4.3939393939393945;0.20495487166793955
4.3939393939393945;6.515151515151516;-1.666666666666666;0.32160287100087626
4.3939393939393945;13.484848484848484;3.1818181818181834;0.005145687048643033
4.696969696969699;-8.93939393939394;5.3030303030303045;0.036714808361909185
4.696969696969699;-7.121212121212121;3.787878787878789;0.139343043634356
4.696969696969699;-6.515151515151516;3.787878787878789;0.17599690435647633
4.696969696969699;-4.3939393939393945;-0.45454545454545325;0.6774381193327926
4.696969696969699;-2.878787878787879;-9.848484848484848;0.01207608217072343
4.696969696969699;-2.2727272727272716;-1.0606060606060606;0.9348847102534524
4.696969696969699;-1.666666666666666;-2.878787878787879;0.6476503357354313
4.696969696969699;-1.666666666666666;3.1818181818181834;0.5840087085863598
4.696969696969699;-1.3636363636363633;0.7575757575757578;1.0329281672739878
4.696969696969699;-0.7575757575757578;2.878787878787879;0.6693754595991722
4.696969696969699;0.45454545454545503;5.90909090909091;0.16459919351713823
4.696969696969699;1.6666666666666679;0.15151515151515227;1.0491510110709208
4.696969696969699;2.2727272727272734;-1.9696969696969688;0.796687986345062
4.696969696969699;4.09090909090909;-3.787878787878787;0.3498371575823223
4.696969696969699;5.6060606060606055;0.45454545454545503;0.46929429624534447
4.696969696969699;9.545454545454547;-0.1515151515151505;0.07630363506986004
4.696969696969699;11.969696969696969;2.2727272727272734;0.014958738026989282
5.0;-5.909090909090908;-4.09090909090909;0.18005369172278085
5.0;-5.909090909090908;2.2727272727272734;0.3041156063436419
5.0;-4.09090909090909;-0.7575757575757578;0.6571792750023264
5.0;-4.09090909090909;2.575757575757578;0.4789232556317831
5.0;-3.4848484848484844;2.575757575757578;0.5410827813766632
5.0;-2.2727272727272716;2.2727272727272734;0.6948200888760491
5.0;-1.9696969696969688;-2.2727272727272716;0.714925652552088
5.0;-1.666666666666666;0.45454545454545503;0.9745941604290743
5.0;-1.666666666666666;3.1818181818181834;0.5549952263392792
5.0;-1.3636363636363633;-6.515151515151516;0.11219763430009277
5.0;-1.0606060606060606;2.2727272727272734;0.7564191561039474
5.0;-0.45454545454545325;2.575757575757578;0.7071448139586133
5.0;0.15151515151515227;4.3939393939393945;0.3540933896991269
5.0;1.0606060606060623;2.2727272727272734;0.7564191561039474
5.0;1.0606060606060623;5.6060606060606055;0.18969171645199498
5.0;1.3636363636363633;0.15151515151515227;1.0056900702142662
5.0;1.9696969696969688;-0.45454545454545325;0.9499402472349917
5.0;3.1818181818181834;-4.09090909090909;0.3377253271942926
5.0;4.09090909090909;0.7575757575757578;0.6571792750023264
5.0;5.3030303030303045;6.81818181818182;0.06091937102123457
5.0;8.030303030303031;0.15151515151515227;0.15503888843453248
5.3030303030303045;-7.121212121212121;0.45454545454545503;0.2133639071628824
5.3030303030303045;-5.909090909090908;-1.3636363636363633;0.3227144030286546
5.3030303030303045;-4.3939393939393945;-5.909090909090908;0.11125754532878597
5.3030303030303045;-4.09090909090909;-1.3636363636363633;0.5604699046668142
5.3030303030303045;-1.9696969696969688;-6.515151515151516;0.10602638169500897
5.3030303030303045;-1.0606060606060606;-1.666666666666666;0.8119250051008488
5.3030303030303045;-0.1515151515151505;-0.1515151515151505;0.9768848051812797
5.3030303030303045;0.7575757575757578;-8.333333333333332;0.03490871189974676
5.3030303030303045;1.6666666666666679;3.1818181818181834;0.5211742532710726
5.3030303030303045;1.9696969696969688;-0.7575757575757578;0.8609266857032345
5.3030303030303045;2.2727272727272734;-1.0606060606060606;0.8071898105359271
5.3030303030303045;2.2727272727272734;0.45454545454545503;0.8500620089496718
5.3030303030303045;3.787878787878789;-0.45454545454545325;0.6558130907315716
5.3030303030303045;3.787878787878789;5.3030303030303045;0.1673297173988584
5.3030303030303045;4.696969696969699;-1.3636363636363633;0.47810653271917597
5.3030303030303045;5.6060606060606055;-3.1818181818181817;0.24462189046650426
5.3030303030303045;5.90909090909091;-1.666666666666666;0.30921128503382056
5.3030303030303045;8.333333333333336;4.09090909090909;0.06307526806188352
5.3030303030303045;8.636363636363637;-4.09090909090909;0.054699322042234454
5.6060606060606055;-6.212121212121211;1.0606060606060623;0.26907024842950483
5.6060606060606055;-3.787878787878787;-1.3636363636363633;0.5454752765480935
5.6060606060606055;-3.787878787878787;5.90909090909091;0.11531121742211434
5.6060606060606055;-3.1818181818181817;0.7575757575757578;0.6607193810547628
5.6060606060606055;-2.2727272727272716;1.3636363636363633;0.7094089762123231
5.6060606060606055;-1.3636363636363633;2.575757575757578;0.5957906897516166
5.6060606060606055;0.7575757575757578;-7.727272727272727;0.050599901383243294
5.6060606060606055;0.7575757575757578;7.424242424242426;0.06127577376223733
5.6060606060606055;1.6666666666666679;-2.575757575757576;0.5826516176165243
5.6060606060606055;2.878787878787879;2.878787878787879;0.4644059520993271
5.6060606060606055;3.1818181818181834;6.81818181818182;0.07655103748719422
5.6060606060606055;3.787878787878789;2.878787878787879;0.3943747303872062
5.6060606060606055;5.6060606060606055;-5.303030303030303;0.10245149926520897
5.6060606060606055;5.6060606060606055;-1.9696969696969688;0.2954691593854064
5.6060606060606055;7.424242424242426;-1.0606060606060606;0.1619226467341458
5.6060606060606055;8.333333333333336;1.6666666666666679;0.09851130072670096
5.90909090909091;-7.121212121212121;-5.6060606060606055;0.04987723664232272
5.90909090909091;-4.3939393939393945;-9.545454545454545;0.011389251437044438
5.90909090909091;-3.1818181818181817;-0.7575757575757578;0.595905333177858
5.90909090909091;-2.575757575757576;-5.909090909090908;0.12587981117135555
5.90909090909091;-2.2727272727272716;0.45454545454545503;0.703319840359091
5.90909090909091;-1.9696969696969688;1.6666666666666679;0.6353331973764813
5.90909090909091;-0.45454545454545325;-6.818181818181818;0.08503881862109254
5.90909090909091;-0.45454545454545325;2.575757575757578;0.569563720925789
5.90909090909091;1.6666666666666679;-5.0;0.21399535173447945
5.90909090909091;1.6666666666666679;1.0606060606060623;0.7162727905466328
5.90909090909091;2.575757575757578;1.6666666666666679;0.5879899406930458
5.90909090909091;2.878787878787879;0.45454545454545503;0.6416906400247393
5.90909090909091;3.4848484848484844;-0.7575757575757578;0.5607945420880595
5.90909090909091;5.0;-7.727272727272727;0.03169174285786411
5.90909090909091;5.0;-0.1515151515151505;0.3877527461985245
6.212121212121211;-6.818181818181818;-0.7575757575757578;0.17332899865759185
6.212121212121211;-4.3939393939393945;1.9696969696969688;0.34327666311895166
6.212121212121211;-3.1818181818181817;0.45454545454545503;0.54347883772697
6.212121212121211;-2.575757575757576;1.9696969696969688;0.4998439092385869
6.212121212121211;-2.2727272727272716;-0.45454545454545325;0.6312554714663531
6.212121212121211;-1.9696969696969688;-5.0;0.19298845786388427
6.212121212121211;-1.3636363636363633;0.45454545454545503;0.6958548142441219
6.212121212121211;-0.1515151515151505;-8.030303030303031;0.038539354454533534
6.212121212121211;0.15151515151515227;-5.0;0.20993286271696615
6.212121212121211;0.45454545454545503;1.6666666666666679;0.6353331973764816
6.212121212121211;1.0606060606060623;-5.909090909090908;0.1305113164243672
6.212121212121211;1.6666666666666679;-0.1515151515151505;0.6841302173373492
6.212121212121211;5.6060606060606055;-4.3939393939393945;0.12224301833137
6.212121212121211;8.636363636363637;2.878787878787879;0.05590442141380669
6.515151515151516;-7.727272727272727;4.696969696969699;0.045574873524260685
6.515151515151516;-6.818181818181818;6.515151515151516;0.030568778064486712
6.515151515151516;-4.3939393939393945;-5.6060606060606055;0.09190929041178904
6.515151515151516;-2.878787878787879;5.0;0.15876819685626964
6.515151515151516;-1.0606060606060606;-0.45454545454545325;0.6347188622082243
6.515151515151516;-0.45454545454545325;-0.7575757575757578;0.6396903179979075
6.515151515151516;0.15151515151515227;-0.45454545454545325;0.6558130907315717
6.515151515151516;0.15151515151515227;5.3030303030303045;0.1673297173988585
6.515151515151516;0.7575757575757578;-3.1818181818181817;0.3879259368693917
6.515151515151516;1.6666666666666679;1.6666666666666679;0.5288322113501005
6.515151515151516;3.1818181818181834;-0.7575757575757578;0.4740396987358091
6.515151515151516;5.3030303030303045;1.3636363636363633;0.25591677265952023
6.81818181818182;-3.4848484848484844;-1.9696969696969688;0.3357517918297491
6.81818181818182;-2.575757575757576;-2.878787878787879;0.32050558940858437
6.81818181818182;-1.0606060606060606;0.7575757575757578;0.5515289237164465
6.81818181818182;-0.7575757575757578;-3.4848484848484844;0.315486283568036
6.81818181818182;-0.45454545454545325;-1.3636363636363633;0.5308112602186111
6.81818181818182;-0.45454545454545325;4.09090909090909;0.25606693174894807
6.81818181818182;2.2727272727272734;4.696969696969699;0.17683195380288147
6.81818181818182;2.878787878787879;-0.1515151515151505;0.45508635416056403
6.81818181818182;3.787878787878789;-1.9696969696969688;0.3141136664774685
6.81818181818182;4.3939393939393945;-0.7575757575757578;0.314582806404524
7.121212121212121;-13.787878787878787;-3.4848484848484844;0.001875132717020609
7.121212121212121;-6.515151515151516;2.2727272727272734;0.11249263118456401
7.121212121212121;-4.3939393939393945;1.6666666666666679;0.24976494913155123
7.121212121212121;-1.9696969696969688;-2.878787878787879;0.30724189059714874
7.121212121212121;-1.0606060606060606;-1.666666666666666;0.4345914653497341
7.121212121212121;-0.45454545454545325;-3.1818181818181817;0.31262359461948974
7.121212121212121;0.45454545454545503;-0.7575757575757578;0.49870324414566325
7.121212121212121;0.7575757575757578;-0.7575757575757578;0.49312312480526116
7.121212121212121;1.0606060606060623;-4.09090909090909;0.22392696860253328
7.121212121212121;2.575757575757578;-0.7575757575757578;0.4090388268525051
7.121212121212121;4.09090909090909;-0.45454545454545325;0.3039065925988499
7.424242424242426;-7.424242424242424;-0.1515151515151505;0.08318882209932256
7.424242424242426;-6.212121212121211;-0.1515151515151505;0.13635300442508236
7.424242424242426;-1.0606060606060606;1.6666666666666679;0.380391135538623
7.424242424242426;0.45454545454545503;1.9696969696969688;0.3708887528775449
7.424242424242426;1.3636363636363633;-1.666666666666666;0.3719961661305011
7.424242424242426;1.3636363636363633;0.7575757575757578;0.41372130073273367
7.424242424242426;1.3636363636363633;5.0;0.13578717122826262
7.424242424242426;1.6666666666666679;-4.3939393939393945;0.169815137965047
7.424242424242426;1.6666666666666679;0.15151515151515227;0.412968743523626
7.424242424242426;6.212121212121211;-5.303030303030303;0.045661689735336575
7.727272727272727;-4.3939393939393945;1.3636363636363633;0.19747292957156434
7.727272727272727;-3.787878787878787;0.45454545454545503;0.24738176732941575
7.727272727272727;-2.2727272727272716;-4.09090909090909;0.15707170027660647
7.727272727272727;-0.45454545454545325;-0.1515151515151505;0.38775274619852496
7.727272727272727;0.7575757575757578;-1.0606060606060606;0.3637198261827757
7.727272727272727;0.7575757575757578;4.696969696969699;0.14141447920299705
7.727272727272727;1.9696969696969688;7.121212121212121;0.04111023353680417
8.030303030303031;-2.878787878787879;1.3636363636363633;0.23914501333251048
8.030303030303031;2.2727272727272734;-4.3939393939393945;0.1234804323592132
8.030303030303031;2.2727272727272734;-3.787878787878787;0.15222622703957855
8.030303030303031;2.878787878787879;-0.7575757575757578;0.2532617072998002
8.030303030303031;4.09090909090909;-0.1515151515151505;0.1997852910639747
8.030303030303031;4.09090909090909;0.7575757575757578;0.19509575673869262
8.333333333333336;-5.303030303030303;-0.7575757575757578;0.11868962045913888
8.333333333333336;-4.696969696969697;-3.4848484848484844;0.08936414308070786
8.333333333333336;-3.787878787878787;-1.3636363636363633;0.17070988804646778
8.333333333333336;-2.2727272727272716;1.6666666666666679;0.21707534765995157
8.333333333333336;-2.2727272727272716;5.0;0.08556091435566654
8.333333333333336;-0.45454545454545325;-1.666666666666666;0.2525866910374053
8.333333333333336;2.878787878787879;-5.0;0.07871864689734155
8.636363636363637;-4.696969696969697;-0.1515151515151505;0.12476173286594919
8.636363636363637;-3.1818181818181817;2.575757575757578;0.1359901251434274
8.636363636363637;-2.878787878787879;-1.0606060606060606;0.18112613039317016
8.636363636363637;-1.666666666666666;-6.818181818181818;0.0349841177043044
8.636363636363637;2.2727272727272734;-5.6060606060606055;0.05809307494058406
8.636363636363637;5.3030303030303045;-0.45454545454545325;0.10325937045709689
8.636363636363637;5.90909090909091;1.0606060606060623;0.08147343815048816
8.636363636363637;11.060606060606062;0.15151515151515227;0.007753497289348245
8.939393939393941;-8.333333333333332;0.45454545454545503;0.02712892600402318
8.939393939393941;-0.1515151515151505;-3.787878787878787;0.11371725557902933
8.939393939393941;0.15151515151515227;0.7575757575757578;0.20296804697219167
8.939393939393941;4.09090909090909;-0.1515151515151505;0.12476173286594917
8.939393939393941;5.3030303030303045;7.424242424242426;0.012430214932782407
9.242424242424242;-5.0;-6.515151515151516;0.017921817594394537
9.242424242424242;-0.7575757575757578;7.424242424242426;0.020922748201126693
9.242424242424242;3.4848484848484844;1.0606060606060623;0.11608714293289
9.545454545454547;3.1818181818181834;-1.0606060606060606;0.10402793901260152
9.848484848484848;-10.151515151515152;2.878787878787879;0.005585058210637855
9.848484848484848;-3.1818181818181817;9.242424242424242;0.004828515460199695
10.151515151515152;-2.878787878787879;2.575757575757578;0.06265197886967204
10.151515151515152;-0.7575757575757578;-7.121212121212121;0.016003331541416463
10.151515151515152;4.3939393939393945;-0.45454545454545325;0.05802116965391765
10.454545454545457;-8.333333333333332;-5.909090909090908;0.004260563026629333
10.454545454545457;1.9696969696969688;2.878787878787879;0.05590442141380665
11.060606060606062;-3.4848484848484844;-0.1515151515151505;0.04133017279941906
11.060606060606062;-1.9696969696969688;-1.9696969696969688;0.045443047360147856
11.060606060606062;-1.666666666666666;-0.45454545454545325;0.053601368105490294
11.060606060606062;0.7575757575757578;5.0;0.02362656800279617
11.060606060606062;4.09090909090909;-1.3636363636363633;0.03405437172715772
11.363636363636363;-1.3636363636363633;-0.7575757575757578;0.04472793359847445
11.363636363636363;-1.0606060606060606;-1.3636363636363633;0.043604537506251095
11.363636363636363;4.696969696969699;3.4848484848484844;0.017290825744527377
11.666666666666668;-14.696969696969697;-2.878787878787879;0.00017962898556589442
11.666666666666668;-5.0;-0.1515151515151505;0.019818916361997306
11.666666666666668;4.3939393939393945;1.9696969696969688;0.020322809481664098
11.969696969696969;-0.7575757575757578;2.2727272727272734;0.026625512479064313
12.272727272727273;-4.09090909090909;-1.3636363636363633;0.015787087637200097
12.272727272727273;1.9696969696969688;-1.3636363636363633;0.022290271638386466
12.272727272727273;4.09090909090909;3.4848484848484844;0.011344279636221425
12.575757575757578;-2.2727272727272716;-1.9696969696969688;0.016454958536625333
13.484848484848484;-9.848484848484848;2.2727272727272734;0.0009450474858438439
14.393939393939394;0.45454545454545503;3.1818181818181834;0.004413302408516532
